 starting with   0.200000003    
  rescaling 
 starting with   0.200000003    
  rescaling 
 starting with   0.200000003    
  rescaling 
 starting with   0.200000003    
           1  -25.0244923      0.200000003    
           2  -26.2713490      0.200000003    
           3  -27.1290264      0.200000003    
           4  -27.4791012      0.200000003    
           5  -27.2441311      0.200000003    
           1  -28.8756580      0.200000003    
           2  -30.0365887      0.200000003    
           3  -30.8410568      0.200000003    
           4  -31.1955090      0.200000003    
           5  -31.0470543      0.200000003    
           1  -32.5039368      0.200000003    
           2  -33.4038734      0.200000003    
           3  -33.7799263      0.200000003    
           4  -33.5431671      0.200000003    
           1  -35.0308380      0.200000003    
           2  -35.6450081      0.200000003    
           3  -35.5196419      0.200000003    
           1  -36.2259102      0.200000003    
           2  -36.1257896      0.200000003    
           1  -36.3535347      0.200000003    
           2  -35.8525925      0.200000003    
           1  -36.0797234      0.200000003    
           1  -36.3687668      0.100000001    
           2  -36.0700569      0.100000001    
           1  -36.3563042      0.100000001    
           1  -36.4035034       5.00000007E-02
           2  -36.3537712       5.00000007E-02
           1  -36.3779488       5.00000007E-02
           1  -36.3981590       2.50000004E-02
           1  -36.4032326       1.25000002E-02
           1  -36.4039726       6.25000009E-03
           2  -36.4032288       6.25000009E-03
           1  -36.4038200       6.25000009E-03
           1  -36.4040108       3.12500005E-03
           2  -36.4037971       3.12500005E-03
           1  -36.4039917       3.12500005E-03
           1  -36.4040298       1.56250002E-03
           2  -36.4039917       1.56250002E-03
           1  -36.4040184       1.56250002E-03
           1  -36.4040375       7.81250012E-04
           2  -36.4040146       7.81250012E-04
           1  -36.4040337       7.81250012E-04
           1  -36.4040337       3.90625006E-04
           1  -36.4040413       1.95312503E-04
           2  -36.4040413       1.95312503E-04
           1  -36.4040413       1.95312503E-04
           1  -36.4040337       9.76562515E-05
           1  -36.4040413       4.88281257E-05
           1  -36.4040375       2.44140629E-05
           1  -36.4040413       1.22070314E-05
           1  -36.4040337       6.10351572E-06
           1  -36.4040337       3.05175786E-06
           1  -36.4040375       1.52587893E-06
           1  -36.4040375       7.62939464E-07
           1  -36.4040337       3.81469732E-07
           1  -36.4040413       1.90734866E-07
  rescaling 
           1  -36.2357407      0.100000001    
           1  -36.3620834       5.00000007E-02
           1  -36.3936424       2.50000004E-02
           1  -36.4014893       1.25000002E-02
           1  -36.4034233       6.25000009E-03
           1  -36.4039001       3.12500005E-03
           1  -36.4040108       1.56250002E-03
           1  -36.4040337       7.81250012E-04
           1  -36.4040375       3.90625006E-04
           1  -36.4040337       1.95312503E-04
           1  -36.4040337       9.76562515E-05
           1  -36.4040413       4.88281257E-05
           1  -36.4040413       2.44140629E-05
           1  -36.4040413       1.22070314E-05
           1  -36.4040337       6.10351572E-06
           1  -36.4040337       3.05175786E-06
           1  -36.4040375       1.52587893E-06
           1  -36.4040375       7.62939464E-07
           1  -36.4040337       3.81469732E-07
           1  -36.4040413       1.90734866E-07
           1  -36.4040375       9.53674331E-08
 starting with   0.200000003    
  rescaling 
 starting with   0.200000003    
           1  -25.8780117      0.200000003    
           2  -27.7542839      0.200000003    
           3  -29.3064270      0.200000003    
           4  -30.3678265      0.200000003    
           5  -30.8045483      0.200000003    
           6  -30.5379162      0.200000003    
           1  -32.5878105      0.200000003    
           2  -33.9872589      0.200000003    
           3  -34.8486137      0.200000003    
           4  -35.0653572      0.200000003    
           5  -34.5929527      0.200000003    
           1  -35.9961243      0.200000003    
           2  -36.1223831      0.200000003    
           3  -35.3969994      0.200000003    
           1  -36.3265572      0.200000003    
           2  -35.5399399      0.200000003    
           1  -36.1767654      0.200000003    
           1  -36.3863182      0.100000001    
           2  -36.1607590      0.100000001    
           1  -36.3420143      0.100000001    
           1  -36.3988266       5.00000007E-02
           2  -36.3381424       5.00000007E-02
           1  -36.3890648       5.00000007E-02
           1  -36.4030342       2.50000004E-02
           2  -36.3882103       2.50000004E-02
           1  -36.3996124       2.50000004E-02
           1  -36.4036255       1.25000002E-02
           2  -36.3993835       1.25000002E-02
           1  -36.4031525       1.25000002E-02
           1  -36.4039993       6.25000009E-03
           2  -36.4031143       6.25000009E-03
           1  -36.4037018       6.25000009E-03
           1  -36.4039917       3.12500005E-03
           1  -36.4040337       1.56250002E-03
           2  -36.4039879       1.56250002E-03
           1  -36.4040337       1.56250002E-03
           1  -36.4040337       7.81250012E-04
           1  -36.4040375       3.90625006E-04
           2  -36.4040375       3.90625006E-04
           1  -36.4040413       3.90625006E-04
           2  -36.4040375       3.90625006E-04
           1  -36.4040375       3.90625006E-04
           1  -36.4040413       1.95312503E-04
           1  -36.4040413       9.76562515E-05
           1  -36.4040413       4.88281257E-05
           1  -36.4040413       2.44140629E-05
           1  -36.4040375       1.22070314E-05
           1  -36.4040413       6.10351572E-06
           1  -36.4040375       3.05175786E-06
           1  -36.4040375       1.52587893E-06
           1  -36.4040375       7.62939464E-07
           1  -36.4040337       3.81469732E-07
           1  -36.4040375       1.90734866E-07
  rescaling 
           1  -36.3108673      0.100000001    
           1  -36.3807755       5.00000007E-02
           1  -36.3982468       2.50000004E-02
           1  -36.4026031       1.25000002E-02
           1  -36.4036903       6.25000009E-03
           1  -36.4039536       3.12500005E-03
           1  -36.4040222       1.56250002E-03
           1  -36.4040337       7.81250012E-04
           1  -36.4040375       3.90625006E-04
           1  -36.4040375       1.95312503E-04
           1  -36.4040413       9.76562515E-05
           1  -36.4040413       4.88281257E-05
           1  -36.4040413       2.44140629E-05
           1  -36.4040375       1.22070314E-05
           1  -36.4040413       6.10351572E-06
           1  -36.4040375       3.05175786E-06
           1  -36.4040375       1.52587893E-06
           1  -36.4040375       7.62939464E-07
           1  -36.4040337       3.81469732E-07
           1  -36.4040375       1.90734866E-07
           1  -36.4040413       9.53674331E-08
 starting with   0.200000003    
  rescaling 
 starting with   0.200000003    
           1  -25.8780689      0.200000003    
           2  -27.7543602      0.200000003    
           3  -29.3065166      0.200000003    
           4  -30.3679237      0.200000003    
           5  -30.8046494      0.200000003    
           6  -30.5380287      0.200000003    
           1  -32.5879173      0.200000003    
           2  -33.9873505      0.200000003    
           3  -34.8486977      0.200000003    
           4  -35.0654106      0.200000003    
           5  -34.5929832      0.200000003    
           1  -35.9961548      0.200000003    
           2  -36.1223755      0.200000003    
           3  -35.3969536      0.200000003    
           1  -36.3265572      0.200000003    
           2  -35.5399284      0.200000003    
           1  -36.1767540      0.200000003    
           1  -36.3863258      0.100000001    
           2  -36.1607552      0.100000001    
           1  -36.3420181      0.100000001    
           1  -36.3988266       5.00000007E-02
           2  -36.3381424       5.00000007E-02
           1  -36.3890610       5.00000007E-02
           1  -36.4030342       2.50000004E-02
           2  -36.3882141       2.50000004E-02
           1  -36.3996048       2.50000004E-02
           1  -36.4036217       1.25000002E-02
           2  -36.3993759       1.25000002E-02
           1  -36.4031563       1.25000002E-02
           1  -36.4039955       6.25000009E-03
           2  -36.4031105       6.25000009E-03
           1  -36.4037056       6.25000009E-03
           1  -36.4039955       3.12500005E-03
           1  -36.4040375       1.56250002E-03
           2  -36.4039955       1.56250002E-03
           1  -36.4040298       1.56250002E-03
           1  -36.4040375       7.81250012E-04
           1  -36.4040337       3.90625006E-04
           1  -36.4040375       1.95312503E-04
           1  -36.4040298       9.76562515E-05
           1  -36.4040337       4.88281257E-05
           1  -36.4040337       2.44140629E-05
           1  -36.4040337       1.22070314E-05
           1  -36.4040375       6.10351572E-06
           1  -36.4040337       3.05175786E-06
           1  -36.4040337       1.52587893E-06
           1  -36.4040337       7.62939464E-07
           1  -36.4040337       3.81469732E-07
           1  -36.4040337       1.90734866E-07
  rescaling 
           1  -36.3267136      0.100000001    
           1  -36.3849640       5.00000007E-02
           1  -36.3994026       2.50000004E-02
           1  -36.4029465       1.25000002E-02
           1  -36.4037971       6.25000009E-03
           1  -36.4039879       3.12500005E-03
           1  -36.4040337       1.56250002E-03
           1  -36.4040413       7.81250012E-04
           2  -36.4040298       7.81250012E-04
           1  -36.4040337       7.81250012E-04
           1  -36.4040337       3.90625006E-04
           1  -36.4040375       1.95312503E-04
           1  -36.4040413       9.76562515E-05
           1  -36.4040413       4.88281257E-05
           1  -36.4040375       2.44140629E-05
           1  -36.4040375       1.22070314E-05
           1  -36.4040451       6.10351572E-06
           2  -36.4040337       6.10351572E-06
           1  -36.4040337       6.10351572E-06
           1  -36.4040413       3.05175786E-06
           1  -36.4040413       1.52587893E-06
           1  -36.4040413       7.62939464E-07
           1  -36.4040337       3.81469732E-07
           1  -36.4040413       1.90734866E-07
           1  -36.4040375       9.53674331E-08
 starting with   0.200000003    
           1  -25.8780575      0.200000003    
           2  -27.7543411      0.200000003    
           3  -29.3064919      0.200000003    
           4  -30.3678989      0.200000003    
           5  -30.8046246      0.200000003    
           6  -30.5379982      0.200000003    
           1  -32.5878906      0.200000003    
           2  -33.9873276      0.200000003    
           3  -34.8486710      0.200000003    
           4  -35.0653915      0.200000003    
           5  -34.5929756      0.200000003    
           1  -35.9961472      0.200000003    
           2  -36.1223793      0.200000003    
           3  -35.3969650      0.200000003    
           1  -36.3265572      0.200000003    
           2  -35.5399246      0.200000003    
           1  -36.1767540      0.200000003    
           1  -36.3863220      0.100000001    
           2  -36.1607552      0.100000001    
           1  -36.3420143      0.100000001    
           1  -36.3988304       5.00000007E-02
           2  -36.3381386       5.00000007E-02
           1  -36.3890648       5.00000007E-02
           1  -36.4030342       2.50000004E-02
           2  -36.3882103       2.50000004E-02
           1  -36.3996086       2.50000004E-02
           1  -36.4036255       1.25000002E-02
           2  -36.3993797       1.25000002E-02
           1  -36.4031525       1.25000002E-02
           1  -36.4040031       6.25000009E-03
           2  -36.4031143       6.25000009E-03
           1  -36.4037094       6.25000009E-03
           1  -36.4039917       3.12500005E-03
           1  -36.4040375       1.56250002E-03
           2  -36.4039917       1.56250002E-03
           1  -36.4040298       1.56250002E-03
           1  -36.4040375       7.81250012E-04
           1  -36.4040337       3.90625006E-04
           1  -36.4040375       1.95312503E-04
           1  -36.4040337       9.76562515E-05
           1  -36.4040337       4.88281257E-05
           1  -36.4040375       2.44140629E-05
           1  -36.4040337       1.22070314E-05
           1  -36.4040337       6.10351572E-06
           1  -36.4040298       3.05175786E-06
           1  -36.4040337       1.52587893E-06
           1  -36.4040337       7.62939464E-07
           1  -36.4040298       3.81469732E-07
           1  -36.4040298       1.90734866E-07
  rescaling 
           1  -36.3266525      0.100000001    
           1  -36.3849449       5.00000007E-02
           1  -36.3993950       2.50000004E-02
           1  -36.4029427       1.25000002E-02
           1  -36.4037933       6.25000009E-03
           1  -36.4039879       3.12500005E-03
           1  -36.4040337       1.56250002E-03
           1  -36.4040375       7.81250012E-04
           1  -36.4040375       3.90625006E-04
           1  -36.4040337       1.95312503E-04
           1  -36.4040375       9.76562515E-05
           1  -36.4040337       4.88281257E-05
           1  -36.4040375       2.44140629E-05
           1  -36.4040337       1.22070314E-05
           1  -36.4040337       6.10351572E-06
           1  -36.4040298       3.05175786E-06
           1  -36.4040337       1.52587893E-06
           1  -36.4040337       7.62939464E-07
           1  -36.4040298       3.81469732E-07
           1  -36.4040298       1.90734866E-07
           1  -36.4040298       9.53674331E-08
 starting with   0.200000003    
  rescaling 
 starting with   0.200000003    
  rescaling 
 starting with   0.200000003    
           1  -25.8780746      0.200000003    
           2  -27.7543602      0.200000003    
           3  -29.3065147      0.200000003    
           4  -30.3679256      0.200000003    
           5  -30.8046532      0.200000003    
           6  -30.5380344      0.200000003    
           1  -32.5879211      0.200000003    
           2  -33.9873505      0.200000003    
           3  -34.8486938      0.200000003    
           4  -35.0654106      0.200000003    
           5  -34.5929871      0.200000003    
           1  -35.9961624      0.200000003    
           2  -36.1223831      0.200000003    
           3  -35.3969498      0.200000003    
           1  -36.3265648      0.200000003    
           2  -35.5399246      0.200000003    
           1  -36.1767578      0.200000003    
           1  -36.3863220      0.100000001    
           2  -36.1607475      0.100000001    
           1  -36.3420105      0.100000001    
           1  -36.3988266       5.00000007E-02
           2  -36.3381424       5.00000007E-02
           1  -36.3890762       5.00000007E-02
           1  -36.4030380       2.50000004E-02
           2  -36.3882065       2.50000004E-02
           1  -36.3996010       2.50000004E-02
           1  -36.4036255       1.25000002E-02
           2  -36.3993759       1.25000002E-02
           1  -36.4031525       1.25000002E-02
           1  -36.4039993       6.25000009E-03
           2  -36.4031181       6.25000009E-03
           1  -36.4037056       6.25000009E-03
           1  -36.4039955       3.12500005E-03
           1  -36.4040337       1.56250002E-03
           2  -36.4039955       1.56250002E-03
           1  -36.4040337       1.56250002E-03
           1  -36.4040375       7.81250012E-04
           2  -36.4040298       7.81250012E-04
           1  -36.4040337       7.81250012E-04
           1  -36.4040375       3.90625006E-04
           1  -36.4040375       1.95312503E-04
           1  -36.4040375       9.76562515E-05
           1  -36.4040375       4.88281257E-05
           1  -36.4040375       2.44140629E-05
           1  -36.4040375       1.22070314E-05
           1  -36.4040337       6.10351572E-06
           1  -36.4040375       3.05175786E-06
           1  -36.4040375       1.52587893E-06
           1  -36.4040375       7.62939464E-07
           1  -36.4040413       3.81469732E-07
           2  -36.4040413       3.81469732E-07
           1  -36.4040413       3.81469732E-07
           1  -36.4040413       1.90734866E-07
  rescaling 
           1  -36.2453079      0.100000001    
           1  -36.3644791       5.00000007E-02
           1  -36.3942375       2.50000004E-02
           1  -36.4016304       1.25000002E-02
           1  -36.4034653       6.25000009E-03
           1  -36.4039001       3.12500005E-03
           1  -36.4040070       1.56250002E-03
           1  -36.4040413       7.81250012E-04
           1  -36.4040413       3.90625006E-04
           1  -36.4040337       1.95312503E-04
           1  -36.4040375       9.76562515E-05
           1  -36.4040413       4.88281257E-05
           1  -36.4040375       2.44140629E-05
           1  -36.4040413       1.22070314E-05
           1  -36.4040298       6.10351572E-06
           1  -36.4040413       3.05175786E-06
           1  -36.4040375       1.52587893E-06
           1  -36.4040337       7.62939464E-07
           1  -36.4040413       3.81469732E-07
           1  -36.4040413       1.90734866E-07
           1  -36.4040375       9.53674331E-08
 starting with   0.200000003    
           1  -25.8780556      0.200000003    
           2  -27.7543354      0.200000003    
           3  -29.3064938      0.200000003    
           4  -30.3679008      0.200000003    
           5  -30.8046207      0.200000003    
           6  -30.5380020      0.200000003    
           1  -32.5878868      0.200000003    
           2  -33.9873276      0.200000003    
           3  -34.8486748      0.200000003    
           4  -35.0653915      0.200000003    
           5  -34.5929756      0.200000003    
           1  -35.9961472      0.200000003    
           2  -36.1223793      0.200000003    
           3  -35.3969650      0.200000003    
           1  -36.3265610      0.200000003    
           2  -35.5399284      0.200000003    
           1  -36.1767578      0.200000003    
           1  -36.3863220      0.100000001    
           2  -36.1607552      0.100000001    
           1  -36.3420143      0.100000001    
           1  -36.3988228       5.00000007E-02
           2  -36.3381424       5.00000007E-02
           1  -36.3890648       5.00000007E-02
           1  -36.4030380       2.50000004E-02
           2  -36.3882141       2.50000004E-02
           1  -36.3996124       2.50000004E-02
           1  -36.4036217       1.25000002E-02
           2  -36.3993797       1.25000002E-02
           1  -36.4031525       1.25000002E-02
           1  -36.4039917       6.25000009E-03
           2  -36.4031105       6.25000009E-03
           1  -36.4037132       6.25000009E-03
           1  -36.4039879       3.12500005E-03
           1  -36.4040413       1.56250002E-03
           2  -36.4039879       1.56250002E-03
           1  -36.4040298       1.56250002E-03
           1  -36.4040375       7.81250012E-04
           1  -36.4040298       3.90625006E-04
           1  -36.4040375       1.95312503E-04
           1  -36.4040337       9.76562515E-05
           1  -36.4040375       4.88281257E-05
           1  -36.4040413       2.44140629E-05
           1  -36.4040375       1.22070314E-05
           1  -36.4040375       6.10351572E-06
           1  -36.4040298       3.05175786E-06
           1  -36.4040375       1.52587893E-06
           1  -36.4040337       7.62939464E-07
           1  -36.4040337       3.81469732E-07
           1  -36.4040413       1.90734866E-07
  rescaling 
           1  -36.3266220      0.100000001    
           1  -36.3849449       5.00000007E-02
           1  -36.3993950       2.50000004E-02
           1  -36.4029388       1.25000002E-02
           1  -36.4037895       6.25000009E-03
           1  -36.4039841       3.12500005E-03
           1  -36.4040298       1.56250002E-03
           1  -36.4040413       7.81250012E-04
           1  -36.4040413       3.90625006E-04
           1  -36.4040375       1.95312503E-04
           1  -36.4040337       9.76562515E-05
           1  -36.4040375       4.88281257E-05
           1  -36.4040413       2.44140629E-05
           1  -36.4040375       1.22070314E-05
           1  -36.4040375       6.10351572E-06
           1  -36.4040298       3.05175786E-06
           1  -36.4040375       1.52587893E-06
           1  -36.4040337       7.62939464E-07
           1  -36.4040337       3.81469732E-07
           1  -36.4040413       1.90734866E-07
           1  -36.4040337       9.53674331E-08
 starting with   0.200000003    
  rescaling 
 starting with   0.200000003    
           1  -25.0245018      0.200000003    
           2  -26.2713661      0.200000003    
           3  -27.1290398      0.200000003    
           4  -27.4791107      0.200000003    
           5  -27.2441406      0.200000003    
           1  -28.8756714      0.200000003    
           2  -30.0366116      0.200000003    
           3  -30.8410759      0.200000003    
           4  -31.1955299      0.200000003    
           5  -31.0470753      0.200000003    
           1  -32.5039635      0.200000003    
           2  -33.4039040      0.200000003    
           3  -33.7799492      0.200000003    
           4  -33.5432014      0.200000003    
           1  -35.0308647      0.200000003    
           2  -35.6450272      0.200000003    
           3  -35.5196495      0.200000003    
           1  -36.2259140      0.200000003    
           2  -36.1257782      0.200000003    
           1  -36.3535309      0.200000003    
           2  -35.8525658      0.200000003    
           1  -36.0797348      0.200000003    
           1  -36.3687706      0.100000001    
           2  -36.0700684      0.100000001    
           1  -36.3562927      0.100000001    
           1  -36.4034996       5.00000007E-02
           2  -36.3537598       5.00000007E-02
           1  -36.3779488       5.00000007E-02
           1  -36.3981667       2.50000004E-02
           1  -36.4032288       1.25000002E-02
           1  -36.4039764       6.25000009E-03
           2  -36.4032249       6.25000009E-03
           1  -36.4038200       6.25000009E-03
           1  -36.4039993       3.12500005E-03
           2  -36.4038010       3.12500005E-03
           1  -36.4039879       3.12500005E-03
           1  -36.4040413       1.56250002E-03
           2  -36.4039841       1.56250002E-03
           1  -36.4040184       1.56250002E-03
           1  -36.4040298       7.81250012E-04
           1  -36.4040413       3.90625006E-04
           1  -36.4040337       1.95312503E-04
           1  -36.4040337       9.76562515E-05
           1  -36.4040375       4.88281257E-05
           1  -36.4040375       2.44140629E-05
           1  -36.4040337       1.22070314E-05
           1  -36.4040375       6.10351572E-06
           1  -36.4040375       3.05175786E-06
           1  -36.4040337       1.52587893E-06
           1  -36.4040337       7.62939464E-07
           1  -36.4040337       3.81469732E-07
           1  -36.4040375       1.90734866E-07
  rescaling 
           1  -36.2694435      0.100000001    
           1  -36.3705826       5.00000007E-02
           1  -36.3957977       2.50000004E-02
           1  -36.4020386       1.25000002E-02
           1  -36.4035645       6.25000009E-03
           1  -36.4039345       3.12500005E-03
           1  -36.4040146       1.56250002E-03
           1  -36.4040375       7.81250012E-04
           1  -36.4040375       3.90625006E-04
           1  -36.4040337       1.95312503E-04
           1  -36.4040337       9.76562515E-05
           1  -36.4040375       4.88281257E-05
           1  -36.4040375       2.44140629E-05
           1  -36.4040337       1.22070314E-05
           1  -36.4040375       6.10351572E-06
           1  -36.4040375       3.05175786E-06
           1  -36.4040337       1.52587893E-06
           1  -36.4040337       7.62939464E-07
           1  -36.4040337       3.81469732E-07
           1  -36.4040375       1.90734866E-07
           1  -36.4040375       9.53674331E-08
