   0.00000000      matrices 
  norm            1
   0.000   0.000
  ham 
  -0.000  -0.000
   1.00000000      matrices 
  norm            3
   0.000  -0.000  -0.000   0.000   0.000  -0.000
   0.000  -0.000   0.000   0.000  -0.000   0.000
   0.000  -0.000   0.000  -0.000   0.000  -0.000
  ham 
  -0.000   0.000   0.000  -0.000  -0.000   0.000
  -0.000   0.000  -0.000  -0.000   0.000  -0.000
  -0.000   0.000  -0.000   0.000  -0.000   0.000
   2.00000000      matrices 
  norm            5
   0.000   0.000  -0.000   0.000   0.000  -0.000  -0.000   0.000   0.000  -0.000
   0.000  -0.000   0.000  -0.000  -0.000   0.000   0.000  -0.000  -0.000   0.000
   0.000   0.000   0.000  -0.000   0.000   0.000  -0.000   0.000   0.000  -0.000
   0.000  -0.000   0.000  -0.000   0.000  -0.000   0.000  -0.000  -0.000   0.000
   0.000  -0.000   0.000  -0.000   0.000  -0.000   0.000  -0.000   0.000  -0.000
  ham 
  -0.004  -0.000   0.000  -0.000  -0.001   0.000   0.000  -0.000  -0.000   0.000
  -0.000   0.000  -0.000   0.000   0.000  -0.000  -0.000   0.000   0.000  -0.000
  -0.001  -0.000  -0.000   0.000  -0.001  -0.000   0.000  -0.000  -0.000   0.000
  -0.000   0.000  -0.000   0.000  -0.000   0.000  -0.000   0.000   0.000  -0.000
  -0.000   0.000  -0.000   0.000  -0.000   0.000  -0.000   0.000  -0.000   0.000
  -11.556   -0.000
   3.00000000      matrices 
  norm            7
   0.000  -0.000  -0.000   0.000   0.000  -0.000  -0.000   0.000   0.000  -0.000
  -0.000   0.000   0.000  -0.000
   0.000  -0.000   0.000   0.000  -0.000   0.000   0.000  -0.000  -0.000   0.000
   0.000  -0.000  -0.000   0.000
   0.000  -0.000   0.000  -0.000   0.000  -0.000  -0.000   0.000   0.000  -0.000
  -0.000   0.000   0.000  -0.000
   0.000  -0.000   0.000  -0.000   0.000  -0.000   0.000   0.000  -0.000   0.000
   0.000  -0.000  -0.000   0.000
   0.000  -0.000   0.000  -0.000   0.000  -0.000   0.000  -0.000   0.000  -0.000
  -0.000   0.000   0.000  -0.000
   0.000  -0.000   0.000  -0.000   0.000  -0.000   0.000  -0.000   0.000  -0.000
   0.000  -0.000  -0.000   0.000
   0.000  -0.000   0.000  -0.000   0.000  -0.000   0.000  -0.000   0.000  -0.000
   0.000  -0.000   0.000  -0.000
  ham 
  -0.000   0.000   0.000  -0.000  -0.000   0.000   0.000  -0.000  -0.000   0.000
   0.000  -0.000  -0.000   0.000
  -0.000   0.000  -0.002  -0.000   0.000  -0.000  -0.001   0.000   0.000  -0.000
  -0.000   0.000   0.000  -0.000
  -0.000   0.000  -0.000   0.000  -0.000   0.000   0.000  -0.000  -0.000   0.000
   0.000  -0.000  -0.000   0.000
  -0.000   0.000  -0.001   0.000  -0.000   0.000  -0.000  -0.000   0.000  -0.000
  -0.000   0.000   0.000  -0.000
  -0.000   0.000  -0.000   0.000  -0.000   0.000  -0.000   0.000  -0.000   0.000
   0.000  -0.000  -0.000   0.000
  -0.000   0.000  -0.000   0.000  -0.000   0.000  -0.000   0.000  -0.000   0.000
  -0.000   0.000   0.000  -0.000
  -0.000   0.000  -0.000   0.000  -0.000   0.000  -0.000   0.000  -0.000   0.000
  -0.000   0.000  -0.000   0.000
   -9.937   -0.000
  -11.377   -0.000    0.802    0.000
    0.802    0.000  -17.807   -0.000
  -19.076   -0.000
  -18.865   -0.000
  -18.884   -0.000
  -27.605   -0.000
