  0.5000000      matrices 
  norm            4
   0.000   0.000   0.000   0.000   0.000   0.000   0.000   0.000
   0.000   0.000   0.000   0.000   0.000   0.000   0.000   0.000
   0.000   0.000   0.000   0.000   0.000   0.000   0.000   0.000
   0.000   0.000   0.000   0.000   0.000   0.000   0.000   0.000
  ham 
   0.000   0.000   0.000   0.000   0.000   0.000   0.000   0.000
   0.000   0.000   0.000   0.000   0.000   0.000   0.000   0.000
   0.000   0.000   0.000   0.000   0.000   0.000   0.000   0.000
   0.000   0.000   0.000   0.000   0.000   0.000   0.000   0.000
  0.5000000      matrices 
  norm            4
   0.000   0.000   0.000   0.000   0.000   0.000   0.000   0.000
   0.000   0.000   0.000   0.000   0.000   0.000   0.000   0.000
   0.000   0.000   0.000   0.000   0.000   0.000   0.000   0.000
   0.000   0.000   0.000   0.000   0.000   0.000   0.000   0.000
  ham 
   0.000   0.000   0.000   0.000   0.000   0.000   0.000   0.000
   0.000   0.000   0.000   0.000   0.000   0.000   0.000   0.000
   0.000   0.000   0.000   0.000   0.000   0.000   0.000   0.000
   0.000   0.000   0.000   0.000   0.000   0.000   0.000   0.000
   1.500000      matrices 
  norm            8
   0.001   0.000  -0.003   0.000   0.005   0.000  -0.006   0.000   0.001   0.000
  -0.003   0.000   0.005   0.000  -0.006   0.000
  -0.003   0.000   0.009   0.000  -0.017   0.000   0.019   0.000  -0.003   0.000
   0.009   0.000  -0.017   0.000   0.019   0.000
   0.005   0.000  -0.017   0.000   0.032   0.000  -0.036   0.000   0.005   0.000
  -0.017   0.000   0.032   0.000  -0.036   0.000
  -0.006   0.000   0.019   0.000  -0.036   0.000   0.040   0.000  -0.006   0.000
   0.019   0.000  -0.036   0.000   0.040   0.000
   0.001   0.000  -0.003   0.000   0.005   0.000  -0.006   0.000   0.001   0.000
  -0.003   0.000   0.005   0.000  -0.006   0.000
  -0.003   0.000   0.009   0.000  -0.017   0.000   0.019   0.000  -0.003   0.000
   0.009   0.000  -0.017   0.000   0.019   0.000
   0.005   0.000  -0.017   0.000   0.032   0.000  -0.036   0.000   0.005   0.000
  -0.017   0.000   0.032   0.000  -0.036   0.000
  -0.006   0.000   0.019   0.000  -0.036   0.000   0.040   0.000  -0.006   0.000
   0.019   0.000  -0.036   0.000   0.040   0.000
  ham 
  -0.104   0.000   0.352   0.000  -0.674   0.000   0.749   0.000  -0.104   0.000
   0.352   0.000  -0.674   0.000   0.749   0.000
   0.352   0.000  -1.189   0.000   2.277   0.000  -2.532   0.000   0.352   0.000
  -1.189   0.000   2.277   0.000  -2.532   0.000
  -0.674   0.000   2.277   0.000  -4.363   0.000   4.851   0.000  -0.674   0.000
   2.277   0.000  -4.363   0.000   4.851   0.000
   0.749   0.000  -2.532   0.000   4.851   0.000  -5.392   0.000   0.749   0.000
  -2.532   0.000   4.851   0.000  -5.392   0.000
  -0.104   0.000   0.352   0.000  -0.674   0.000   0.749   0.000  -0.104   0.000
   0.352   0.000  -0.674   0.000   0.749   0.000
   0.352   0.000  -1.189   0.000   2.277   0.000  -2.532   0.000   0.352   0.000
  -1.189   0.000   2.277   0.000  -2.532   0.000
  -0.674   0.000   2.277   0.000  -4.363   0.000   4.851   0.000  -0.674   0.000
   2.277   0.000  -4.363   0.000   4.851   0.000
   0.749   0.000  -2.532   0.000   4.851   0.000  -5.392   0.000   0.749   0.000
  -2.532   0.000   4.851   0.000  -5.392   0.000
 -135.775    0.000
   1.500000      matrices 
  norm            8
   0.000   0.000   0.000   0.000   0.000   0.000   0.000   0.000   0.000   0.000
   0.000   0.000   0.000   0.000   0.000   0.000
   0.000   0.000   0.000   0.000   0.000   0.000   0.000   0.000   0.000   0.000
   0.000   0.000   0.000   0.000   0.000   0.000
   0.000   0.000   0.000   0.000   0.000   0.000   0.000   0.000   0.000   0.000
   0.000   0.000   0.000   0.000   0.000   0.000
   0.000   0.000   0.000   0.000   0.000   0.000   0.000   0.000   0.000   0.000
   0.000   0.000   0.000   0.000   0.000   0.000
   0.000   0.000   0.000   0.000   0.000   0.000   0.000   0.000   0.000   0.000
   0.000   0.000   0.000   0.000   0.000   0.000
   0.000   0.000   0.000   0.000   0.000   0.000   0.000   0.000   0.000   0.000
   0.000   0.000   0.000   0.000   0.000   0.000
   0.000   0.000   0.000   0.000   0.000   0.000   0.000   0.000   0.000   0.000
   0.000   0.000   0.000   0.000   0.000   0.000
   0.000   0.000   0.000   0.000   0.000   0.000   0.000   0.000   0.000   0.000
   0.000   0.000   0.000   0.000   0.000   0.000
  ham 
   0.000   0.000   0.000   0.000   0.000   0.000   0.000   0.000   0.000   0.000
   0.000   0.000   0.000   0.000   0.000   0.000
   0.000   0.000   0.000   0.000   0.000   0.000   0.000   0.000   0.000   0.000
   0.000   0.000   0.000   0.000   0.000   0.000
   0.000   0.000   0.000   0.000   0.000   0.000   0.000   0.000   0.000   0.000
   0.000   0.000   0.000   0.000   0.000   0.000
   0.000   0.000   0.000   0.000   0.000   0.000   0.000   0.000   0.000   0.000
   0.000   0.000   0.000   0.000   0.000   0.000
   0.000   0.000   0.000   0.000   0.000   0.000   0.000   0.000   0.000   0.000
   0.000   0.000   0.000   0.000   0.000   0.000
   0.000   0.000   0.000   0.000   0.000   0.000   0.000   0.000   0.000   0.000
   0.000   0.000   0.000   0.000   0.000   0.000
   0.000   0.000   0.000   0.000   0.000   0.000   0.000   0.000   0.000   0.000
   0.000   0.000   0.000   0.000   0.000   0.000
   0.000   0.000   0.000   0.000   0.000   0.000   0.000   0.000   0.000   0.000
   0.000   0.000   0.000   0.000   0.000   0.000
 -135.512    0.000
 -134.468    0.000
 -135.102    0.000
 -134.075    0.000
 -134.668    0.000
 -133.566    0.000
 -133.973    0.000
 -132.941    0.000   -0.020    0.000
   -0.020    0.000 -134.710    0.000
 -124.990    0.001   -0.001    0.000
   -0.001    0.000 -133.418    0.000
 -132.190    0.000    0.044    0.000
    0.044    0.000 -134.026    0.000
 -124.007    0.001   -0.002    0.000
   -0.002    0.000 -132.390    0.000
 -131.318    0.000   -0.073    0.000
   -0.073    0.000 -133.226    0.000
 -122.964    0.001   -0.003    0.000
   -0.003    0.000 -131.746    0.000
 -130.296    0.000    0.105    0.000
    0.105    0.000 -132.301    0.000
 -121.880    0.001    0.048    0.000   -0.003    0.000
    0.048    0.000 -128.050    0.000    0.000    0.000
   -0.003    0.000    0.000    0.000 -130.354    0.000
 -129.153    0.000   -0.142    0.000
   -0.142    0.000 -131.242    0.000
 -120.769    0.000    0.091    0.000   -0.005    0.000
    0.091    0.000 -126.460    0.000    0.001    0.000
   -0.005    0.000    0.001    0.000 -129.599    0.000
 -127.816    0.000    0.172    0.000
    0.172    0.000 -130.032    0.000
 -124.828    0.000    0.002    0.000
    0.002    0.000 -127.835    0.000
 -126.359    0.000    0.217    0.000
    0.217    0.000 -128.656    0.000
 -123.202    0.001    0.003    0.000
    0.003    0.000 -126.871    0.000
 -124.659    0.000    0.230    0.000
    0.230    0.000 -127.087    0.000
 -121.619    0.001    0.005    0.000
    0.005    0.000 -124.716    0.000
 -122.824    0.000    0.300    0.000
    0.300    0.000 -125.321    0.000
 -123.398    0.000
 -123.301    0.000
 -120.785    0.002
